mvn = 11.3
 
logD = "/Users/rjovale/Documents/GitHub/mBayes"
 
parnames = {"\!\(\*SubscriptBox[\(\[CapitalOmega]\), \(m\)]\)", 
     "\!\(\*SubscriptBox[\(w\), \(0\)]\)", 
     "\!\(\*SubscriptBox[\(w\), \(a\)]\)"}
 
PMat = {{666.6666666666669, 148.14814814814827, 259.2592592592594}, 
    {148.14814814814835, 156.37860082304533, 106.99588477366264}, 
    {259.25925925925947, 106.99588477366262, 131.68724279835402}}
 
CPMat = {{0.010000000000000004, 0.008999999999999996, -0.027}, 
    {0.008999999999999998, 0.022499999999999985, -0.035999999999999976}, 
    {-0.027000000000000003, -0.035999999999999976, 0.08999999999999997}}
 
vecP = {0.3, -1.1, -0.1}
 
mvprior = 1
chi2minfi = 25.83386479272997
 
vecF = {0.3199150971790507, -1.0384377639846631, -0.18891947899914568}
 
FMat = {{1603.7249942097644, 467.32070133232344, 308.45506336471163}, 
    {467.32070133232344, 274.5484668073601, 123.85197695535224}, 
    {308.45506336471163, 123.85197695535224, 134.62579392793435}}
 
CFMat = {{0.001455135436266473, -0.0016629985855899805, 
    -0.001804098780866259}, {-0.0016629985855899805, 0.008126890554253897, 
    -0.0036662448788584347}, {-0.001804098780866259, -0.0036662448788584343, 
    0.014934397200982235}}
 
useFisher = 1
 
comboLP = 1
logNEvi = -18.467158525980224
 
logFEvi = -18.41717808425052
ncompkern = 10
 
estime1 = Row[{"Estimated wall-clock time: ", 0.6789433333333333, " min or ", 
      0.011315722222222224, " hours"}]
 
estime2 = Row[{"Total number of points: ", 64000}]
pSet = {{0.1, 0.5, 40}, {-1.4, -0.6, 40}, {-1, 1, 40}}
 
logrun = Row[{"Calculation ended on ", "Fri 18 May 2018 13:48:33", "  -  ", 
      0., "h or ", 0.9, "m of total computation  -  ", 0.0008100000000000001, 
      "s per grid point"}]
