mvn = 11.3
 
logD = "/Users/rjovale/Documents/GitHub/mBayes"
 
parnames = {"\!\(\*SubscriptBox[\(\[CapitalOmega]\), \(m\)]\)", 
     "\!\(\*SubscriptBox[\(w\), \(0\)]\)", 
     "\!\(\*SubscriptBox[\(w\), \(a\)]\)"}
 
PMat = {{666.6666666666669, 148.14814814814827, 259.2592592592594}, 
    {148.14814814814835, 156.37860082304533, 106.99588477366264}, 
    {259.25925925925947, 106.99588477366262, 131.68724279835402}}
 
CPMat = {{0.010000000000000004, 0.008999999999999996, -0.027}, 
    {0.008999999999999998, 0.022499999999999985, -0.035999999999999976}, 
    {-0.027000000000000003, -0.035999999999999976, 0.08999999999999997}}
 
vecP = {0.3, -1.1, -0.1}
 
mvprior = 1
chi2minfi = 25.83386479272997
 
vecF = {0.3199150971790507, -1.0384377639846631, -0.18891947899914568}
 
FMat = {{1604.7397333338135, 467.38521463990116, 307.6065772956836}, 
    {467.38521463990116, 274.5802816815185, 123.55195021111186}, 
    {307.6065772956836, 123.55195021111186, 137.23229581509798}}
 
CFMat = {{0.0014425813419710338, -0.0016818996800195161, 
    -0.0017193148460211759}, {-0.0016818996800195165, 0.008082934735128972, 
    -0.0035071842467555726}, {-0.0017193148460211756, -0.003507184246755573, 
    0.014298325309359823}}
 
useFisher = 1
 
comboLP = 1
logNEvi = -18.464597469759344
 
logFEvi = -18.43954693418981
