mvn = 11.3
 
logD = "/Users/rjovale/Documents/GitHub/mBayes"
 
parnames = {"\!\(\*SubscriptBox[\(\[CapitalOmega]\), \(m\)]\)", 
     "\!\(\*SubscriptBox[\(w\), \(0\)]\)", 
     "\!\(\*SubscriptBox[\(w\), \(a\)]\)"}
 
PMat = {{666.6666666666669, 148.14814814814827, 259.2592592592594}, 
    {148.14814814814835, 156.37860082304533, 106.99588477366264}, 
    {259.25925925925947, 106.99588477366262, 131.68724279835402}}
 
CPMat = {{0.010000000000000004, 0.008999999999999996, -0.027}, 
    {0.008999999999999998, 0.022499999999999985, -0.035999999999999976}, 
    {-0.027000000000000003, -0.035999999999999976, 0.08999999999999997}}
 
vecP = {0.3, -1.1, -0.1}
 
mvprior = 1
chi2minfi = 25.83386479272997
 
vecF = {0.3199150971790507, -1.0384377639846631, -0.18891947899914568}
 
FMat = {{1603.0734739375146, 466.6350033832131, 308.4061999488879}, 
    {466.6350033832131, 273.99954870091193, 123.6890118866088}, 
    {308.4061999488879, 123.6890118866088, 135.4451306443933}}
 
CFMat = {{0.0014527965657013908, -0.0016688583664085648, 
    -0.0017839845896075964}, {-0.0016688583664085648, 0.008126448778182839, 
    -0.003621142747252415}, {-0.0017839845896075964, -0.003621142747252415, 
    0.014752006711870498}}
 
useFisher = 1
 
comboLP = 1
logNEvi = -18.467813500703002
 
logFEvi = -18.422378418846833
ncompkern = 10
 
estime1 = Row[{"Estimated wall-clock time: ", 0.69471, " min or ", 
      0.011578500000000002, " hours"}]
 
estime2 = Row[{"Total number of points: ", 64000}]
pSet = {{0.1, 0.5, 40}, {-1.4, -0.6, 40}, {-1, 1, 40}}
 
logrun = Row[{"Calculation ended on ", "Fri 18 May 2018 17:45:25", "  -  ", 
      0., "h or ", 0.9, "m of total computation  -  ", 0.0008300000000000001, 
      "s per grid point"}]
