mvn = 11.3
 
logD = "/Users/rjovale/Documents/Sync/mBayes1.0b9"
 
parnames = {"\!\(\*SubscriptBox[\(\[CapitalOmega]\), \(m\)]\)", 
     "\!\(\*SubscriptBox[\(w\), \(0\)]\)", 
     "\!\(\*SubscriptBox[\(w\), \(a\)]\)"}
 
PMat = {{666.6666666666669, 148.14814814814827, 259.2592592592594}, 
    {148.14814814814835, 156.37860082304533, 106.99588477366264}, 
    {259.25925925925947, 106.99588477366262, 131.68724279835402}}
 
CPMat = {{0.010000000000000004, 0.008999999999999996, -0.027}, 
    {0.008999999999999998, 0.022499999999999985, -0.035999999999999976}, 
    {-0.027000000000000003, -0.035999999999999976, 0.08999999999999997}}
 
vecP = {0.3, -1.1, -0.1}
 
mvprior = 1
chi2minfi = 25.83386713685681
 
vecF = {0.3199063628033962, -1.0383114896599055, -0.18902575460510126}
 
FMat = {{1603.767177109104, 467.5028512240883, 309.89090457042823}, 
    {467.5028512240883, 274.6738233058826, 124.37505804499945}, 
    {309.89090457042823, 124.37505804499945, 139.18093859157008}}
 
CFMat = {{0.0014457441408012343, -0.001684872948548174, 
    -0.0017133581021173397}, {-0.0016848729485481738, 0.008078654380953045, 
    -0.0034678333852960473}, {-0.0017133581021173397, -0.003467833385296047, 
    0.014098669620723824}}
 
useFisher = 1
 
comboLP = 1
logNEvi = -18.466049636653555
 
logFEvi = -18.446067983586072
ncompkern = 10
 
estime1 = Row[{"Estimated wall-clock time: ", 0.5656366666666666, " min or ", 
      0.009427277777777776, " hours"}]
 
estime2 = Row[{"Total number of points: ", 64000}]
pSet = {{0.1, 0.5, 40}, {-1.4, -0.6, 40}, {-1, 1, 40}}
 
logrun = Row[{"Calculation ended on ", "Thu 10 May 2018 10:18:44", "  -  ", 
      0., "h or ", 0.9, "m of total computation  -  ", 0.0008200000000000001, 
      "s per grid point"}]
