mvn = 11.3
 
logD = "/Users/rjovale/Documents/GitHub/mBayes"
 
parnames = {"\!\(\*SubscriptBox[\(\[CapitalOmega]\), \(m\)]\)", 
     "\!\(\*SubscriptBox[\(w\), \(0\)]\)", 
     "\!\(\*SubscriptBox[\(w\), \(a\)]\)"}
 
PMat = {{666.6666666666669, 148.14814814814827, 259.2592592592594}, 
    {148.14814814814835, 156.37860082304533, 106.99588477366264}, 
    {259.25925925925947, 106.99588477366262, 131.68724279835402}}
 
CPMat = {{0.010000000000000004, 0.008999999999999996, -0.027}, 
    {0.008999999999999998, 0.022499999999999985, -0.035999999999999976}, 
    {-0.027000000000000003, -0.035999999999999976, 0.08999999999999997}}
 
vecP = {0.3, -1.1, -0.1}
 
mvprior = 1
chi2minfiF = 31.052749770006443
 
vecF = {0.3272119779527644, -1.0665142515686816, -0.18033128151051914}
 
FMat = {{2978.824144620519, 844.2794748438313, 371.5110100989395}, 
    {844.2794748438313, 387.8377787521947, 139.04858182565036}, 
    {371.5110100989395, 139.04858182565036, 135.6356228604419}}
 
CFMat = {{0.0009210522578934543, -0.0017401183795770375, 
    -0.0007388918905034902}, {-0.0017401183795770375, 0.007364358275551549, 
    -0.0027834165495851204}, {-0.0007388918905034903, -0.0027834165495851204, 
    0.012250001595482844}}
 
useFisher = 1
 
comboLP = 1
chi2minfiF = 31.052749770006443
logNEvi = -21.745150236397926
 
logFEvi = -21.470763523249822
ncompkern = 10
 
estime1 = Row[{"Estimated wall-clock time: ", 0.41658, " min or ", 0.006943, 
      " hours"}]
 
estime2 = Row[{"Total number of points: ", 64000}]
pSet = {{0.15, 0.5, 40}, {-1.5, -0.5, 40}, {-1, 1, 40}}
 
logrun = Row[{"Calculation ended on ", "Thu 24 May 2018 17:02:21", "  -  ", 
      0., "h or ", 0.5, "m of total computation  -  ", 0.00044, 
      "s per grid point"}]
